%导弹参数
g=9.8;
Mass0=55;                                 %kg
S=0.0227;                                   %m^2
L=1.8;                                         %m
wingL=0.55;                                %m,毛翼展
v_s=340;                                     %声速
P=1500;
AlphaL=[-10 -8 -6 -4 -2 0 2 4 6 8 10];           %攻角列向量,度
deltazL=[-10 -8 -6 -4 -2 0 2 4 6 8 10];           %舵偏角列向量,度
MaL=[0 0.1 0.2 0.3 0.4 0.5 0.6 0.7 0.8 0.9];     %马赫数列向量
mcL=[0.5 0.5 0.5  0.5];                                   %质量秒流量，kg/s
tmc=[0	3.5 3.50000001	15];                          %时间
CxA=[0	0	0	0	0	0	0	0	0	0	0
1.0911	0.8531	0.66	0.5268	0.4489	0.4298	0.4489	0.5268	0.66	0.8531	1.0911
1.0722	0.8307	0.6352	0.5	0.4207	0.401	0.4207	0.5	0.6352	0.8307	1.0722
1.0773	0.8323	0.6342	0.4972	0.4167	0.3968	0.4167	0.4972	0.6342	0.8323	1.0773
1.0915	0.8431	0.6422	0.5033	0.4217	0.4014	0.4217	0.5033	0.6422	0.8431	1.0915
1.0954	0.8457	0.6438	0.5041	0.4221	0.4016	0.4221	0.5041	0.6438	0.8457	1.0954
1.1162	0.8619	0.6565	0.5145	0.4309	0.4101	0.4309	0.5145	0.6565	0.8619	1.1162
1.1568	0.8996	0.6752	0.5384	0.444	0.4229	0.444	0.5384	0.6752	0.8996	1.1568
1.2281	0.9402	0.7121	0.5784	0.4739	0.4529	0.4739	0.5784	0.7121	0.9402	1.2281
1.3141	1.0764	0.7852	0.6618	0.5754	0.5546	0.5754	0.6618	0.7852	1.0764	1.3141];%阻力系数
CyA=[0	0	0	0	0	0	0	0	0	0	0
-4.0409	-3.211	-2.3794	-1.5211	-0.7268	0	0.7268	1.5211	2.3794	3.211	4.0409
-4.0352	-3.2058	-2.3752	-1.5187	-0.726	0	0.726	1.5187	2.3752	3.2058	4.0352
-4.0491	-3.2163	-2.3826	-1.5239	-0.7287	0	0.7287	1.5239	2.3826	3.2163	4.0491
-4.0458	-3.2133	-2.3805	-1.523	-0.7287	0	0.7287	1.523	2.3805	3.2133	4.0458
-4.0667	-3.2297	-2.3928	-1.5316	-0.733	0	0.733	1.5316	2.3928	3.2297	4.0667
-4.1192	-3.2705	-2.4235	-1.5522	-0.7427	0	0.7427	1.5522	2.4235	3.2705	4.1192
-4.1646	-3.3058	-2.4496	-1.5697	-0.751	0	0.751	1.5697	2.4496	3.3058	4.1646
-4.2363	-3.3625	-2.4918	-1.5977	-0.7641	0	0.7641	1.5977	2.4918	3.3625	4.2363
-4.3905	-3.4787	-2.5704	-1.6424	-0.7786	0	0.7786	1.6424	2.5704	3.4787	4.3905];%升力系数 
mzAlphaL=[0	0	0	0	0	0	0	0	0	0	0
0.1045	0.0828	0.0618	0.0406	0.0201	0	-0.0201	-0.0406	-0.0618	-0.0828	-0.1045
0.1048	0.0831	0.0621	0.0407	0.0202	0	-0.0202	-0.0407	-0.0621	-0.0831	-0.1048
0.1047	0.083	0.0621	0.0407	0.0202	0	-0.0202	-0.0407	-0.0621	-0.083	-0.1047
0.1049	0.0833	0.0624	0.041	0.0203	0	-0.0203	-0.041	-0.0624	-0.0833	-0.1049
0.1038	0.0825	0.062	0.0407	0.0201	0	-0.0201	-0.0407	-0.062	-0.0825	-0.1038
0.0977	0.0776	0.0583	0.0384	0.019	0	-0.019	-0.0384	-0.0583	-0.0776	-0.0977
0.0914	0.0727	0.0546	0.0359	0.0178	0	-0.0178	-0.0359	-0.0546	-0.0727	-0.0914
0.0885	0.0702	0.0529	0.0346	0.0171	0	-0.0171	-0.0346	-0.0529	-0.0702	-0.0885
0.0859	0.0677	0.0504	0.0328	0.0161	0	-0.0161	-0.0328	-0.0504	-0.0677	-0.0859];%静稳定力矩系数mzα*α
mzdeltazL=[0	0	0	0	0	0	0	0	0	0	0
0.148	0.1162	0.0857	0.0562	0.0273	0	-0.0273	-0.0562	-0.0857	-0.1162	-0.148
0.1475	0.1158	0.0854	0.056	0.0272	0	-0.0272	-0.056	-0.0854	-0.1158	-0.1475
0.147	0.1154	0.0851	0.0558	0.0271	0	-0.0271	-0.0558	-0.0851	-0.1154	-0.147
0.1475	0.1158	0.0854	0.056	0.0272	0	-0.0272	-0.056	-0.0854	-0.1158	-0.1475
0.1475	0.1158	0.0854	0.056	0.0272	0	-0.0272	-0.056	-0.0854	-0.1158	-0.1475
0.146	0.1146	0.0845	0.0554	0.0269	0	-0.0269	-0.0554	-0.0845	-0.1146	-0.146
0.143	0.1122	0.0827	0.0542	0.0263	0	-0.0263	-0.0542	-0.0827	-0.1122	-0.143
0.1415	0.111	0.0818	0.0536	0.026	0	-0.026	-0.0536	-0.0818	-0.111	-0.1415
0.1395	0.1094	0.0806	0.0528	0.0256	0	-0.0256	-0.0528	-0.0806	-0.1094	-0.1395 ];%操纵力矩系数mzδ*δ
